3 0.8627940 0.4921875 0.0178190 0.0213068
3 0.6468282 0.3203125 0.0163934 0.0213068
2 0.5281540 0.1605114 0.0171062 0.0198864
2 0.5748396 0.1598011 0.0163934 0.0184659
3 0.6400570 0.2187500 0.0171062 0.0198864
2 0.7908054 0.1598011 0.0163934 0.0184659
2 0.7320029 0.1640625 0.0171062 0.0184659
3 0.4978617 0.2748580 0.0163934 0.0213068
2 0.4803991 0.1605114 0.0171062 0.0198864
2 0.4052031 0.2571023 0.0163934 0.0198864
3 0.4540271 0.3657670 0.0171062 0.0213068
2 0.4055595 0.4069602 0.0171062 0.0184659
2 0.4048468 0.3444602 0.0171062 0.0213068
3 0.5281540 0.7024148 0.0171062 0.0213068
2 0.5431219 0.8998580 0.0171062 0.0184659
2 0.4932288 0.7308239 0.0156807 0.0213068
3 0.6140413 0.7031250 0.0178190 0.0198864
2 0.5823236 0.8998580 0.0156807 0.0184659
3 0.6617962 0.7038352 0.0178190 0.0184659
2 0.6560941 0.8998580 0.0163934 0.0184659
3 0.7455453 0.7414773 0.0171062 0.0198864
2 0.7619387 0.9041193 0.0156807 0.0213068
2 0.9105488 0.7017045 0.0163934 0.0170455
2 0.8613685 0.9005682 0.0163934 0.0198864
2 0.9016393 0.9005682 0.0171062 0.0198864
