2 0.9148254 0.5745739 0.0149679 0.0184659
2 0.8471133 0.8664773 0.0149679 0.0170455
3 0.7683535 0.7187500 0.0156807 0.0198864
3 0.6225944 0.7187500 0.0149679 0.0198864
3 0.5456165 0.7187500 0.0106914 0.0227273
2 0.4743407 0.6448864 0.0149679 0.0198864
2 0.4244476 0.4836648 0.0178190 0.0213068
3 0.5420527 0.3032670 0.0163934 0.0184659
3 0.5431219 0.3039773 0.0156807 0.0198864
3 0.5923022 0.3018466 0.0185317 0.0213068
3 0.6425517 0.3039773 0.0149679 0.0255682
3 0.6899501 0.2528409 0.0114041 0.0227273
2 0.7605132 0.1732955 0.0156807 0.0198864
2 0.8364220 0.2294034 0.0163934 0.0213068
2 0.8367783 0.3139205 0.0156807 0.0170455
