0 0.6350677 0.3650568 0.0285103 0.0198864
3 0.6468282 0.3203125 0.0163934 0.0213068
0 0.5302922 0.2585227 0.0256593 0.0170455
2 0.5281540 0.1605114 0.0171062 0.0198864
0 0.5634355 0.2556818 0.0377762 0.0227273
2 0.5748396 0.1598011 0.0163934 0.0184659
0 0.6172488 0.2549716 0.0370634 0.0213068
3 0.6400570 0.2187500 0.0171062 0.0198864
0 0.7355666 0.3444602 0.0356379 0.0184659
2 0.7908054 0.1598011 0.0163934 0.0184659
0 0.7191732 0.2357955 0.0356379 0.0198864
2 0.7320029 0.1640625 0.0171062 0.0184659
0 0.5064148 0.3686080 0.0277976 0.0213068
3 0.4978617 0.2748580 0.0163934 0.0213068
0 0.4490378 0.2173295 0.0356379 0.0227273
2 0.4803991 0.1605114 0.0171062 0.0198864
0 0.4183892 0.3004261 0.0342124 0.0213068
2 0.4052031 0.2571023 0.0163934 0.0198864
0 0.4615110 0.4147727 0.0249465 0.0227273
3 0.4540271 0.3657670 0.0171062 0.0213068
0 0.4436921 0.4424716 0.0363507 0.0241477
2 0.4055595 0.4069602 0.0171062 0.0184659
0 0.4198147 0.3764205 0.0327869 0.0227273
2 0.4048468 0.3444602 0.0171062 0.0213068
0 0.4864576 0.4616477 0.0249465 0.0227273
3 0.8627940 0.4921875 0.0178190 0.0213068
0 0.5463293 0.6803977 0.0249465 0.0198864
3 0.5281540 0.7024148 0.0171062 0.0213068
0 0.5395581 0.7975852 0.0370634 0.0213068
2 0.5431219 0.8998580 0.0171062 0.0184659
0 0.4885959 0.7713068 0.0363507 0.0198864
2 0.4932288 0.7308239 0.0156807 0.0213068
0 0.6136850 0.6825284 0.0256593 0.0184659
3 0.6140413 0.7031250 0.0178190 0.0198864
0 0.6193870 0.8110795 0.0342124 0.0198864
2 0.5823236 0.8998580 0.0156807 0.0184659
0 0.6550249 0.6789773 0.0270848 0.0198864
3 0.6617962 0.7038352 0.0178190 0.0184659
0 0.6739130 0.7805398 0.0363507 0.0241477
2 0.6560941 0.8998580 0.0163934 0.0184659
0 0.7658589 0.6860795 0.0249465 0.0227273
3 0.7455453 0.7414773 0.0171062 0.0198864
0 0.7633642 0.7840909 0.0342124 0.0227273
2 0.7619387 0.9041193 0.0156807 0.0213068
0 0.8620813 0.6924716 0.0263721 0.0213068
2 0.9105488 0.7017045 0.0163934 0.0170455
0 0.8563792 0.8089489 0.0263721 0.0184659
2 0.8613685 0.9005682 0.0163934 0.0198864
0 0.8852459 0.8089489 0.0242338 0.0241477
2 0.9016393 0.9005682 0.0171062 0.0198864
