1 0.8535282 0.6328125 0.0092659 0.0440341
2 0.9148254 0.5745739 0.0149679 0.0184659
1 0.8332145 0.6803977 0.0114041 0.0539773
2 0.8471133 0.8664773 0.0149679 0.0170455
1 0.8029223 0.6796875 0.0121169 0.0497159
2 0.8043478 0.8664773 0.0178190 0.0198864
1 0.6368496 0.6811080 0.0135424 0.0468750
2 0.6696365 0.8671875 0.0163934 0.0213068
1 0.5645046 0.6811080 0.0114041 0.0468750
2 0.5612972 0.8643466 0.0163934 0.0213068
1 0.4889522 0.6377841 0.0128297 0.0482955
2 0.4732716 0.6441761 0.0156807 0.0184659
1 0.4875267 0.4055398 0.0099786 0.0468750
2 0.4244476 0.4836648 0.0178190 0.0213068
1 0.5131860 0.3615057 0.0114041 0.0497159
3 0.4932288 0.3075284 0.0156807 0.0241477
1 0.5331433 0.3579545 0.0114041 0.0482955
3 0.5420527 0.3032670 0.0178190 0.0213068
1 0.6104775 0.3600852 0.0106914 0.0468750
3 0.5919458 0.3018466 0.0178190 0.0184659
1 0.6343550 0.3572443 0.0114041 0.0497159
3 0.6425517 0.3018466 0.0178190 0.0184659
1 0.6895937 0.3558239 0.0121169 0.0497159
3 0.6920884 0.2542614 0.0156807 0.0227273
1 0.7569494 0.3536932 0.0114041 0.0454545
2 0.7601568 0.1740057 0.0163934 0.0213068
1 0.7826087 0.2400568 0.0114041 0.0511364
2 0.8378475 0.2301136 0.0163934 0.0227273
1 0.7925873 0.3295455 0.0114041 0.0568182
2 0.8367783 0.3139205 0.0156807 0.0255682
